S   17
1   1932006.32560000             0.0000749748
2    268707.70405000             0.0002788754
3     52366.11998900             0.0010621312
4     13135.31540300             0.0036810500
5      3964.39358110             0.0119858435
6      1366.32705560             0.0360402172
7       516.89344097             0.0974440565
8       208.46767694             0.2198376916
9        87.75032771             0.3620787406
10       37.95199247             0.3113114237
11       16.65654632             0.0824820274
12        7.33224738             0.0287961468
13        3.19477836             0.0304238889
14        1.35431894             0.0044007346
15        0.54555855             0.0001342764
16        0.20219383            -0.0000184709
17        0.07493668             0.0000115956
S   17
1   1932006.32560000            -0.0000258942
2    268707.70405000            -0.0000963392
3     52366.11998900            -0.0003675097
4     13135.31540300            -0.0012752471
5      3964.39358110            -0.0041834608
6      1366.32705560            -0.0127263644
7       516.89344097            -0.0357280219
8       208.46767694            -0.0868194027
9        87.75032771            -0.1725712611
10       37.95199247            -0.2100377837
11       16.65654632            -0.0066745507
12        7.33224738             0.4884678906
13        3.19477836             0.5547265686
14        1.35431894             0.0847467612
15        0.54555855             0.0026416875
16        0.20219383            -0.0000719028
17        0.07493668             0.0002018516
S   17
1   1932006.32560000             0.0000069656
2    268707.70405000             0.0000259192
3     52366.11998900             0.0000989048
4     13135.31540300             0.0003434523
5      3964.39358110             0.0011284472
6      1366.32705560             0.0034480769
7       516.89344097             0.0097725479
8       208.46767694             0.0242893776
9        87.75032771             0.0505525726
10       37.95199247             0.0668647098
11       16.65654632             0.0002093745
12        7.33224738            -0.2169489454
13        3.19477836            -0.4246990124
14        1.35431894             0.0478159169
15        0.54555855             0.7803714710
16        0.20219383             0.3758308354
17        0.07493668             0.0003578588
P   12
1      2311.61710770             0.0004652493
2       522.21228654             0.0037619476
3       158.41135353             0.0208088822
4        58.08832140             0.0784160703
5        23.81706906             0.2069587957
6        10.32502474             0.3684044730
7         4.55166660             0.3829197191
8         1.98591568             0.1384193698
9         0.84033436             0.0045805089
10        0.33851979             0.0006441195
11        0.12701070            -0.0009561082
12        0.04765369             0.0001945502
P   12
1      2311.61710770            -0.0001344899
2       522.21228654            -0.0010863175
3       158.41135353            -0.0060809450
4        58.08832140            -0.0232482327
5        23.81706906            -0.0637697635
6        10.32502474            -0.1170071495
7         4.55166660            -0.1326060947
8         1.98591568             0.0614887999
9         0.84033436             0.4236365696
10        0.33851979             0.5034512353
11        0.12701070             0.1684866340
12        0.04765369            -0.0009419743
