S   21
1  32307585.85900000             0.0000626443
2   5033160.10060000             0.0002027876
3   1011366.19320000             0.0005902421
4    248987.39575000             0.0015648582
5     71965.41670800             0.0040469132
6     23583.31254000             0.0103311334
7      8519.90633080             0.0260429474
8      3318.64303140             0.0633679375
9      1369.73675870             0.1418746294
10      591.02201403             0.2645323091
11      263.79022262             0.3375335303
12      120.73559078             0.2040805219
13       56.23130062             0.0564554534
14       26.44341630             0.0727199939
15       12.44646685             0.0382936676
16        5.80087733             0.0079093359
17        2.64060684             0.0066967493
18        1.15347403             0.0009896010
19        0.47271889             0.0000214749
20        0.17665464            -0.0000065969
21        0.06601569             0.0000028403
S   21
1  32307585.85900000            -0.0000277507
2   5033160.10060000            -0.0000898637
3   1011366.19320000            -0.0002617384
4    248987.39575000            -0.0006950944
5     71965.41670800            -0.0018022834
6     23583.31254000            -0.0046268861
7      8519.90633080            -0.0117756708
8      3318.64303140            -0.0292982014
9      1369.73675870            -0.0686168152
10      591.02201403            -0.1417787043
11      263.79022262            -0.2231039975
12      120.73559078            -0.1790397318
13       56.23130062             0.1675960784
14       26.44341630             0.5431868243
15       12.44646685             0.2917424566
16        5.80087733             0.0959238487
17        2.64060684             0.1084542961
18        1.15347403             0.0152705010
19        0.47271889             0.0006774466
20        0.17665464            -0.0002141409
21        0.06601569             0.0000773791
S   21
1  32307585.85900000             0.0000121120
2   5033160.10060000             0.0000392277
3   1011366.19320000             0.0001142909
4    248987.39575000             0.0003037452
5     71965.41670800             0.0007885359
6     23583.31254000             0.0020292174
7      8519.90633080             0.0051877436
8      3318.64303140             0.0130293169
9      1369.73675870             0.0311248173
10      591.02201403             0.0669644232
11      263.79022262             0.1137653797
12      120.73559078             0.1004425124
13       56.23130062            -0.1300884357
14       26.44341630            -0.5552360472
15       12.44646685            -0.4045156603
16        5.80087733             0.4970616437
17        2.64060684             0.7227250201
18        1.15347403             0.1207478833
19        0.47271889            -0.0012226667
20        0.17665464             0.0011170841
21        0.06601569            -0.0001647456
S   21
1  32307585.85900000            -0.0000028038
2   5033160.10060000            -0.0000090806
3   1011366.19320000            -0.0000264632
4    248987.39575000            -0.0000703230
5     71965.41670800            -0.0001827524
6     23583.31254000            -0.0004700869
7      8519.90633080            -0.0012057692
8      3318.64303140            -0.0030287948
9      1369.73675870            -0.0073078779
10      591.02201403            -0.0158390275
11      263.79022262            -0.0277832063
12      120.73559078            -0.0248926670
13       56.23130062             0.0348974878
14       26.44341630             0.1726286008
15       12.44646685             0.1318053604
16        5.80087733            -0.2197225704
17        2.64060684            -0.5476715686
18        1.15347403            -0.0690264088
19        0.47271889             0.8381629078
20        0.17665464             0.4166500034
21        0.06601569            -0.0000485130
P   15
1     35575.85733100             0.0001938939
2      6715.46822050             0.0011898915
3      1784.67169930             0.0066827060
4       600.93310418             0.0288964030
5       236.43987514             0.0966033361
6       102.33918854             0.2364628147
7        46.65443994             0.3907613826
8        21.72814196             0.3304508758
9        10.11974319             0.0921612022
10        4.63879328             0.0111353290
11        2.06289148             0.0042187632
12        0.87528782             0.0003236527
13        0.34638443             0.0000194426
14        0.12374703            -0.0000114061
15        0.04420905             0.0000029450
P   15
1     35575.85733100            -0.0000817879
2      6715.46822050            -0.0005020972
3      1784.67169930            -0.0028430664
4       600.93310418            -0.0124055254
5       236.43987514            -0.0428182949
6       102.33918854            -0.1091147846
7        46.65443994            -0.1934905152
8        21.72814196            -0.1355155501
9        10.11974319             0.2262656814
10        4.63879328             0.5549841472
11        2.06289148             0.3427646045
12        0.87528782             0.0306402672
13        0.34638443             0.0036958785
14        0.12374703            -0.0006340605
15        0.04420905             0.0003277938
P   15
1     35575.85733100             0.0000225701
2      6715.46822050             0.0001384494
3      1784.67169930             0.0007859216
4       600.93310418             0.0034295244
5       236.43987514             0.0119191178
6       102.33918854             0.0305088346
7        46.65443994             0.0549875006
8        21.72814196             0.0362084958
9        10.11974319            -0.0822150055
10        4.63879328            -0.2109987239
11        2.06289148            -0.1422429435
12        0.87528782             0.3026099877
13        0.34638443             0.6170056425
14        0.12374703             0.2709202402
15        0.04420905            -0.0011062348
D   9
1       466.93532700             0.0014414285
2       137.23010724             0.0122183291
3        52.16050766             0.0552099090
4        22.26554567             0.1654088051
5         9.97558561             0.3165965569
6         4.53804940             0.3844604868
7         2.01890985             0.2799061265
8         0.81008982             0.0723829823
9         0.32504944             0.0012814496
