S   23
1  51951380.49100000             0.0001448987
2  10366806.42100000             0.0004252810
3   2475718.89390000             0.0010443255
4    684017.13219000             0.0023505720
5    212603.46754000             0.0051796298
6     72657.81828400             0.0113270264
7     26805.95149700             0.0249025305
8     10522.47026300             0.0542893154
9      4345.39634820             0.1137032990
10     1871.35466080             0.2123465175
11      834.65134271             0.3060613845
12      383.36678816             0.2550514910
13      180.41368836             0.0937197758
14       86.54014543             0.0810579977
15       42.06122525             0.0738122802
16       20.56257540             0.0197005512
17       10.01672512             0.0158412417
18        4.80362112             0.0035920733
19        2.23298241             0.0004751494
20        0.98674415            -0.0000157277
21        0.40459634             0.0000397593
22        0.14945607            -0.0000160759
23        0.05520840             0.0000045089
S   23
1  51951380.49100000            -0.0000732257
2  10366806.42100000            -0.0002150036
3   2475718.89390000            -0.0005284066
4    684017.13219000            -0.0011915176
5    212603.46754000            -0.0026343006
6     72657.81828400            -0.0057938545
7     26805.95149700            -0.0128620524
8     10522.47026300            -0.0285336413
9      4345.39634820            -0.0618207678
10     1871.35466080            -0.1237338647
11      834.65134271            -0.2056586034
12      383.36678816            -0.2156257077
13      180.41368836             0.0120097665
14       86.54014543             0.4124722313
15       42.06122525             0.3689797494
16       20.56257540             0.1434504224
17       10.01672512             0.1830856335
18        4.80362112             0.0463660909
19        2.23298241             0.0089309253
20        0.98674415             0.0020493546
21        0.40459634             0.0001042391
22        0.14945607            -0.0000442914
23        0.05520840             0.0000131424
S   23
1  51951380.49100000             0.0000367928
2  10366806.42100000             0.0001080562
3   2475718.89390000             0.0002656700
4    684017.13219000             0.0005997145
5    212603.46754000             0.0013279719
6     72657.81828400             0.0029306045
7     26805.95149700             0.0065353821
8     10522.47026300             0.0146426156
9      4345.39634820             0.0322365831
10     1871.35466080             0.0668390977
11      834.65134271             0.1180935874
12      383.36678816             0.1365467578
13      180.41368836            -0.0292101284
14       86.54014543            -0.4702620474
15       42.06122525            -0.6247944677
16       20.56257540             0.1988371234
17       10.01672512             0.7508683417
18        4.80362112             0.2162911264
19        2.23298241             0.1232700880
20        0.98674415             0.0394597768
21        0.40459634            -0.0014240248
22        0.14945607             0.0006607779
23        0.05520840            -0.0001695371
S   23
1  51951380.49100000            -0.0000149792
2  10366806.42100000            -0.0000439945
3   2475718.89390000            -0.0001081874
4    684017.13219000            -0.0002442882
5    212603.46754000            -0.0005413539
6     72657.81828400            -0.0011956623
7     26805.95149700            -0.0026725377
8     10522.47026300            -0.0060027063
9      4345.39634820            -0.0133130034
10     1871.35466080            -0.0278865949
11      834.65134271            -0.0505446418
12      383.36678816            -0.0601174848
13      180.41368836             0.0154630429
14       86.54014543             0.2587869627
15       42.06122525             0.3858474160
16       20.56257540            -0.1856566542
17       10.01672512            -1.0737932393
18        4.80362112            -0.1203741932
19        2.23298241             1.0522481801
20        0.98674415             0.3380548212
21        0.40459634            -0.0103001480
22        0.14945607             0.0057827915
23        0.05520840            -0.0014462514
S   23
1  51951380.49100000             0.0000040781
2  10366806.42100000             0.0000119780
3   2475718.89390000             0.0000294554
4    684017.13219000             0.0000665217
5    212603.46754000             0.0001474215
6     72657.81828400             0.0003257724
7     26805.95149700             0.0007282721
8     10522.47026300             0.0016380645
9      4345.39634820             0.0036365033
10     1871.35466080             0.0076504459
11      834.65134271             0.0139358407
12      383.36678816             0.0167916154
13      180.41368836            -0.0046599597
14       86.54014543            -0.0768359469
15       42.06122525            -0.1208042375
16       20.56257540             0.0660678029
17       10.01672512             0.4250684675
18        4.80362112             0.0328281846
19        2.23298241            -0.7191384581
20        0.98674415            -0.4114335436
21        0.40459634             0.8828508402
22        0.14945607             0.5426353282
23        0.05520840            -0.0012551463
P   18
1    361924.04108000             0.0000991082
2     59801.39061000             0.0004502625
3     13915.99910800             0.0020338474
4      4164.48836270             0.0083178560
5      1491.54527150             0.0302672689
6       604.88494380             0.0934829245
7       266.47562657             0.2253846426
8       123.74635173             0.3761708841
9        59.30570397             0.3360733702
10       28.90066901             0.1105447000
11       14.16401964             0.0102839093
12        6.91378305             0.0016393638
13        3.32463982            -0.0004514871
14        1.55199473            -0.0003750494
15        0.68871587            -0.0000635411
16        0.28200300             0.0000021468
17        0.10225041            -0.0000007621
18        0.03707459             0.0000002787
P   18
1    361924.04108000            -0.0000468209
2     59801.39061000            -0.0002132363
3     13915.99910800            -0.0009662745
4      4164.48836270            -0.0039812376
5      1491.54527150            -0.0146746055
6       604.88494380            -0.0466674678
7       266.47562657            -0.1177790277
8       123.74635173            -0.2096271751
9        59.30570397            -0.1587146652
10       28.90066901             0.2167561719
11       14.16401964             0.5741988942
12        6.91378305             0.3136239111
13        3.32463982             0.0412501283
14        1.55199473             0.0177463914
15        0.68871587             0.0004815082
16        0.28200300             0.0007022039
17        0.10225041            -0.0002647076
18        0.03707459             0.0000830026
P   18
1    361924.04108000             0.0000220748
2     59801.39061000             0.0001006428
3     13915.99910800             0.0004558004
4      4164.48836270             0.0018842925
5      1491.54527150             0.0069456792
6       604.88494380             0.0222900932
7       266.47562657             0.0565541546
8       123.74635173             0.1028223888
9        59.30570397             0.0720990971
10       28.90066901            -0.1476209873
11       14.16401964            -0.4316753883
12        6.91378305            -0.1312820920
13        3.32463982             0.5927553990
14        1.55199473             0.5285967228
15        0.68871587             0.0790762455
16        0.28200300             0.0026544783
17        0.10225041             0.0005562222
18        0.03707459             0.0000029885
P   18
1    361924.04108000            -0.0000066581
2     59801.39061000            -0.0000303707
3     13915.99910800            -0.0001374578
4      4164.48836270            -0.0005691903
5      1491.54527150            -0.0020958806
6       604.88494380            -0.0067508685
7       266.47562657            -0.0171219958
8       123.74635173            -0.0313793343
9        59.30570397            -0.0213795658
10       28.90066901             0.0480585766
11       14.16401964             0.1463072191
12        6.91378305             0.0298607042
13        3.32463982            -0.2647041739
14        1.55199473            -0.2899743733
15        0.68871587             0.2133977497
16        0.28200300             0.6762947330
17        0.10225041             0.3182631481
18        0.03707459            -0.0021206733
D   12
1      2363.57234120             0.0005451289
2       673.23204051             0.0047295089
3       249.87567579             0.0256145087
4       107.72782703             0.0924499887
5        50.19627555             0.2308495322
6        24.26286652             0.3785537111
7        11.90414657             0.3535510360
8         5.84451430             0.1323362261
9         2.81857739             0.0136571482
10        1.28969729             0.0001966587
11        0.52596034            -0.0000414589
12        0.21449551            -0.0000070213
D   12
1      2363.57234120            -0.0002298368
2       673.23204051            -0.0020126400
3       249.87567579            -0.0109278628
4       107.72782703            -0.0401968117
5        50.19627555            -0.1011497615
6        24.26286652            -0.1622233010
7        11.90414657            -0.1079810057
8         5.84451430             0.1886034887
9         2.81857739             0.4741514181
10        1.28969729             0.4090747299
11        0.52596034             0.1049599928
12        0.21449551             0.0015331057
